h_reversedOrder_sin_BB = [-.000232024;
        .00150354;
        .0010353;
        -.000545747;
        -.00278483;
        -.00490973;
        -.00447922;
        -.00250598;
        -.00160974;
        -.00190596;
        -.002379;
        -.00257074;
        -.000803453;
        .00146398;
        .00152988;
        .00029331;
        -.000350088;
        .000432574;
        .00175549;
        .00255818;
        .00181651;
        .000318297;
        .000209804;
        .00144669;
        .00254279;
        .0022418;
        .00129413;
        -.000676828;
        -.00303249;
        -.00483909;
        -.0069679;
        -.00810607;
        -.00731523;
        -.00591662;
        -.00421014;
        -.00281253;
        -.00163913;
        -.000589382;
        .00056106;
        .00146804;
        .000853542;
        -.000319719;
        -.00133045;
        -.0019231;
        -.00125756;
        7.65352e-5;
        .0007484;
        .000416993;
        .000213386;
        .000426043;
        .00109125;
        .00330715;
        .00555908;
        .00641373;
        .00653031;
        .00524565;
        .00260659;
        .000432617;
        -.000650047;
        -.000181903;
        .00153112;
        .0032909;
        .00363296;
        .0016212;
        -.000114058;
        -4.75266e-5;
        .000917196;
        .0027492;
        .00329159;
        .00172948;
        -3.56164e-5;
        -.00138709;
        -.00215962;
        -.00253297;
        -.00263898;
        -.00274157;
        -.00328883;
        -.00346404;
        -.00256836;
        -.00155313;
        -.000227037;
        .00128014;
        .000196533;
        -.00132159;
        -.00151662;
        -.00213552;
        -.00212671;
        -.00183399;
        -.00422316;
        -.00783161;
        -.00873631;
        -.00711318;
        -.00487937;
        -.00196055;
        -.0012805;
        -.00266217;
        -.00186959;
        6.91549e-5;
        .000201941;
        -.000900874;
        -.00154843;
        -.000488868;
        .00353807;
        .00720093;
        .00683909;
        .00373202;
        .000560372;
        .000181034;
        .00153884;
        .00240008;
        .00250664;
        .00117064;
        -.000881698;
        -.0017187;
        -.00357022;
        -.00656377;
        -.00710417;
        -.00597198;
        -.00357914;
        -.000583111;
        .00040037;
        -2.92349e-5;
        .000770579;
        .00390018;
        .00641695;
        .00559019;
        .00165365;
        -.00290429;
        -.00407049;
        -.00222711;
        -.00121787;
        -.0015724;
        -.00229831;
        -.000414729;
        .00686858;
        .0128104;
        .0130336;
        .00970359;
        .00542068;
        .00392157;
        .00402861;
        .00104154;
        -.00526645;
        -.0115085;
        -.0117775;
        -.00478218;
        .00232412;
        .00286062;
        -.00310322;
        -.0100989;
        -.011398;
        -.00575366;
        .0021728;
        .00590671;
        .00479203;
        .00228261;
        .000192908;
        -.00264521;
        -.00607895;
        -.00690497;
        -.00412379;
        -.0013239;
        -.00121084;
        -.00412325;
        -.00650181;
        -.000856542;
        .0110475;
        .0184644;
        .0176387;
        .0103917;
        .00381667;
        .00383816;
        .00264081;
        -.0032951;
        -.0145404;
        -.0223485;
        -.0165171;
        -.00162329;
        .00698526;
        .00293223;
        -.00663594;
        -.00870627;
        .00212658;
        .0158832;
        .0151717;
        .00131858;
        -.005952;
        .00349558;
        .0205366;
        .0284158;
        .0132483;
        -.0145171;
        -.0253119;
        -.0126773;
        .0108523;
        .0224728;
        .00582828;
        -.0206814;
        -.0340633;
        -.0289346;
        -.0114756;
        -.00104189;
        -.00313455;
        -.0074923;
        -.00968877;
        -.0108726;
        -.017042;
        -.0219941;
        -.0156458;
        .00413694;
        .021427;
        .0115671;
        -.0127912;
        -.0301612;
        -.0244029;
        .0103954;
        .0337809;
        .0240313;
        .008395;
        .00738633;
        .0311675;
        .0581568;
        .047284;
        .00958421;
        -.018012;
        -.00289251;
        .0388888;
        .0413936;
        .00215085;
        -.0422217;
        -.0391202;
        .0300557;
        .0764414;
        .0469284;
        -.0212537;
        -.0599612;
        -.0189983;
        .062006;
        .0868815;
        .02575;
        -.0454714;
        -.0492475;
        -.00491541;
        .0243251;
        -.0131601;
        -.101025;
        -.13492;
        -.08941;
        -.0381929;
        -.0249522;
        -.0670028;
        -.084212;
        -.0117282;
        .0850281;
        .147062;
        .116741;
        .0399219;
        -.00878352;
        -.0219553;
        -.00279752;
        .00735631;
        .00122825;
        -.0025261;
        -.001527;
        .000163357;
        -.000138089;
        -.000849922;
        -.000667148;
        -.000314699;
        -.000326703;
        -.000767877;
        -.00103764;
        -.000808391;
        -.000157614;
        .000432857;
        .000302866;
        -.00034461;
        -.000764703;
        -.000615011;
        5.97438e-5;
        .000536258;
        8.83581e-5;
        -.000302074;
        -.000220628;
        .000375912;
        .00119557;
        .00100644;
        -2.48925e-5;
        -.000560445;
        -2.70939e-5;
        .000859483;
        .00126988;
        .000603399;
        -.000305414;
        -.000325214;
        .000513499;
        .000914728;
        .000243659;
        -.000588737;
        -.000200253];

