h_reversedOrder_bb = [-.00488514;
        .00344158;
        .0019032;
        .00199142;
        -.00261108;
        .00958452;
        .0103204;
        .00409074;
        -.0135061;
        -.00980978;
        -.00702525;
        -.00225289;
        -.0117021;
        -.0107525;
        -.0104764;
        -.00223388;
        -.00127791;
        .00196657;
        -.00395817;
        -.00332745;
        -.00147793;
        .00418191;
        -.00356496;
        -.00205483;
        .00728289;
        .016633;
        .00885667;
        -.000503418;
        -.00314768;
        .00422263;
        .00382297;
        -.000974892;
        -.00881031;
        -.00937312;
        -.00729027;
        -.00558444;
        -.00257507;
        .00264389;
        .00353941;
        .00132759;
        .000972351;
        .00668357;
        .0153164;
        .0183571;
        .0118599;
        -.00052121;
        -.00168311;
        .00557502;
        .0122219;
        .00734409;
        -.00217982;
        -.00768981;
        -.00462257;
        -.00596221;
        -.0108946;
        -.0129789;
        -.00812833;
        -.00822274;
        -.0096656;
        -.00599524;
        .00441157;
        .00772043;
        -.00109445;
        -.00840118;
        -.00229182;
        .00442092;
        -.000508896;
        -.00720091;
        -.00290761;
        .00543164;
        .00360237;
        -.00128143;
        .00292959;
        .0101462;
        .0146063;
        .018983;
        .0181848;
        .00945351;
        .00531421;
        .00956471;
        .00395508;
        -.0112993;
        -.0183649;
        -.0134726;
        -.00390057;
        .00115281;
        -.000326089;
        -.000118805;
        .00339621;
        .00335528;
        -.00258842;
        -.00394703;
        .000618285;
        .00648842;
        .00634303;
        -.00103021;
        -.00964031;
        -.0101062;
        -.00648243;
        -.00649173;
        -.0150597;
        -.0200853;
        -.0168143;
        -.0114492;
        -.0110771;
        -.0109805;
        -.0123548;
        -.00982885;
        -.00180862;
        .0095456;
        .0119909;
        .00717228;
        .00689918;
        .00889924;
        .0104762;
        .0109088;
        .00281261;
        -.00602496;
        -.00183327;
        8.04358e-5;
        -.0138268;
        -.0232543;
        -.0174349;
        -.00807841;
        -.00127825;
        -.00379111;
        -.00771301;
        -.00597646;
        .000715727;
        .00810025;
        .0137198;
        .0155799;
        .0171604;
        .0157221;
        .0135897;
        .00979064;
        .00290745;
        -.00736993;
        -.0125551;
        -.0101865;
        -.00835683;
        -.0125437;
        -.0136008;
        -.0115234;
        -.00222349;
        .0138905;
        .0242507;
        .0227893;
        .0155861;
        .0161494;
        .0313142;
        .034046;
        .0202585;
        .00723186;
        .00478715;
        .00470385;
        -.0014319;
        -.0142297;
        -.020057;
        -.0165084;
        -.00902414;
        -.0061495;
        -.00711057;
        -.00979095;
        -.0143989;
        -.0112868;
        -.00418631;
        -.00478897;
        -.0107397;
        -.0128398;
        -.00787179;
        -.00711172;
        -.0146611;
        -.0221169;
        -.0260405;
        -.024217;
        -.0158425;
        -.0163179;
        -.0214001;
        -.0208285;
        -.0203264;
        -.0193287;
        -.00544314;
        .00881884;
        .0138395;
        .0134409;
        .0174658;
        .0243888;
        .0285607;
        .0253911;
        .0190063;
        .0125687;
        .00575554;
        .00983137;
        .0096078;
        -.0027897;
        -.00790039;
        -.00454371;
        -.000889932;
        .0116078;
        .00347793;
        -.0146127;
        -.00578055;
        .014199;
        .0158691;
        .0119773;
        .0057736;
        .00265611;
        .0220427;
        .0391951;
        .0251146;
        -.00880403;
        -.0358104;
        -.0372081;
        -.0159217;
        -.0119776;
        -.0152196;
        -.0115049;
        -.0120399;
        .00967777;
        .0335935;
        .00405887;
        -.0116242;
        -.00158449;
        .0060532;
        .024742;
        .023032;
        -.0258306;
        -.0648503;
        -.0617952;
        -.0462842;
        -.0152179;
        -.00347208;
        -.0310001;
        -.0258673;
        .0114398;
        .0298944;
        .0140455;
        -.0318348;
        -.0261917;
        .0575779;
        .0974731;
        .055896;
        .0171142;
        -.00843325;
        .00970711;
        .0487213;
        .0241435;
        -.0300255;
        -.0329374;
        .0167296;
        .0480411;
        .0336495;
        -.00861562;
        -.0661639;
        -.0405138;
        -.00103448;
        .0293166;
        .0530387;
        -.0103225;
        -.0733572;
        .0399787;
        .166469;
        .136279;
        -.00840275;
        -.144755;
        -.119616;
        .0451156;
        .108487;
        -.0571687;
        -.241121;
        -.202697;
        -.0281232;
        .0490697;
        -.0531934;
        -.191442;
        -.0550885;
        .135436;
        .237717;
        .132856;
        .00941218;
        .00468947;
        .00333975;
        .0134867;
        -.00203004;
        -.0153617;
        -.0116105;
        .00222883;
        -.00638078;
        -.0158874;
        -.00798126;
        .0133067;
        .0163804;
        .0131447;
        .0157189;
        .023794;
        .0201387;
        .0174819;
        .0194106;
        .0178446;
        .00119538;
        -.0106782;
        -.00871124;
        -.00247183;
        -.00667043;
        -.0150569;
        -.0136552;
        -.00737456;
        -.00903594;
        -.0100221;
        -.00312257;
        .00103229;
        -.0042484;
        -.00761271;
        .00276281;
        .0127988;
        .0078955;
        -.0101206;
        -.0119339;
        -.00140876;
        .00307212;
        -.0151286;
        -.0227134;
        -.0186189;
        -.00121454];


