
h_BB_reversedOrder = [-.00141272;
        -.000657779;
        -.000252045;
        -.000145228;
        -.000617492;
        -.000191559;
        .000119438;
        .000290811;
        .000167393;
        .000182847;
        -3.09946e-5;
        -.00026106;
        4.44179e-5;
        .000438254;
        .000630993;
        .000814702;
        .000689883;
        .000642405;
        .000780218;
        .000765876;
        .000596609;
        .000212804;
        -.00015842;
        -.000493322;
        -.000456846;
        -.000281913;
        -.000351245;
        -.000389521;
        -.000415859;
        -.00032167;
        -.000236221;
        -.000365496;
        -.000825367;
        -.00112215;
        -.000978803;
        -.00080876;
        -.000523907;
        -.000273839;
        -1.74858e-5;
        .00012968;
        .000297517;
        .00039157;
        .000309692;
        .000567595;
        .000793763;
        .00086271;
        .00104966;
        .00129369;
        .00121516;
        .00111702;
        .000983938;
        .000800474;
        .000617981;
        .000251385;
        -.000365834;
        -.000617057;
        -.000655467;
        -.000434984;
        -.000450132;
        -.000837581;
        -.00110953;
        -.0010192;
        -.000682965;
        -.000113112;
        .000145882;
        4.88261e-5;
        .000127582;
        -5.93261e-6;
        .000268949;
        .000472477;
        .000727159;
        .000480282;
        .000196024;
        8.17864e-5;
        -2.55988e-5;
        .000364708;
        .000698414;
        .000825581;
        .000624775;
        .000259453;
        -.000129758;
        -.000466599;
        -.000631378;
        -.00055212;
        -.000696473;
        -.000889099;
        -.000898535;
        -.000821679;
        -.000611938;
        -.000380395;
        -.00020353;
        -.000333252;
        -.000216571;
        .000105189;
        .000253755;
        .000254397;
        .000429243;
        .000433591;
        .00078856;
        .000940862;
        .000931926;
        .000982811;
        .00105755;
        .00140907;
        .00149995;
        .00141607;
        .000723957;
        .000328487;
        2.76906e-5;
        -.000205565;
        -.000423485;
        -.000897024;
        -.00131941;
        -.00142747;
        -.00103157;
        -.000633993;
        -.000457755;
        -.000476328;
        -.000499022;
        -.000590104;
        -.000557087;
        -.000654081;
        -.000706798;
        -.000386317;
        -.000159001;
        -2.58096e-6;
        -.000107082;
        -.000230291;
        3.19991e-5;
        .000482579;
        .000821164;
        .00115511;
        .00120296;
        .00133516;
        .00166862;
        .00175554;
        .00171744;
        .00141179;
        .000604784;
        -.000297363;
        -.000841691;
        -.000827251;
        .00027397;
        .000732172;
        .000930474;
        .000301475;
        -.000628479;
        -.00106053;
        -.000873266;
        -.000249997;
        -.000132312;
        -.000179967;
        -.000347866;
        -.000210684;
        .00044521;
        .00121758;
        .00140804;
        .000761121;
        .000255313;
        .000749035;
        .00115672;
        .00121131;
        .000868579;
        .000376071;
        .000119052;
        .000508669;
        .000218091;
        -.000416066;
        -.000868279;
        -.000553352;
        .000725122;
        .00124181;
        .000551526;
        -.000583037;
        -.00108452;
        -.000968645;
        -.000533759;
        -.000666731;
        -.00161321;
        -.00241413;
        -.00184122;
        -.000757215;
        -.000280423;
        -.00024884;
        6.76651e-5;
        .000972938;
        .00106875;
        .000535781;
        .000415205;
        .000318108;
        .00150698;
        .00381178;
        .00390535;
        .00256514;
        .00229319;
        .00266915;
        .00321265;
        .00206183;
        -.00030724;
        -.00179824;
        -.00217024;
        -.00107075;
        .000376813;
        -.000496404;
        -.00290908;
        -.00340027;
        -.00163203;
        .00120175;
        .0031251;
        .00183827;
        -.00152242;
        -.00292401;
        -.00143692;
        .00171916;
        .00237708;
        -.000994343;
        -.00321863;
        -.000952024;
        .00248545;
        .00342764;
        .00275113;
        .000646626;
        7.18166e-5;
        .00172346;
        .00285203;
        .0011248;
        -.00276784;
        -.00351308;
        -.00404589;
        -.00576478;
        -.00627417;
        -.00461246;
        -.0029044;
        -.0023959;
        -.000812939;
        -.000813743;
        -.000212602;
        .00344022;
        .00350009;
        .000415846;
        -.00268262;
        -.00478718;
        -.0026969;
        .00115534;
        .00348059;
        .00404951;
        .00113131;
        -.00435468;
        .000430783;
        .0113827;
        .0173366;
        .0125891;
        -.00262453;
        -.00643324;
        .00641665;
        .0210815;
        .0173755;
        -.00879144;
        -.0267158;
        -.0145421;
        .00979372;
        .0199397;
        .0069828;
        -.0111964;
        -.0129418;
        .00488667;
        .0181088;
        .011256;
        -.00197886;
        -.0194854;
        -.0319395;
        -.0220775;
        -.00846599;
        -.0102601;
        -.00636326;
        -.00988754;
        -.0149764;
        .00849097;
        .0302413;
        .0240454;
        .00965893;
        .000758763;
        -.00601488;
        -.00121768;
        .00458289;
        .000735437;
        -.00283795;
        -.00108667;
        .0017589;
        .0008376;
        -.000789678;
        -.000546514;
        .000414681;
        .000500272;
        -4.29855e-5;
        -9.60023e-5;
        .000147468;
        .000213372;
        .000143693;
        5.29525e-5;
        6.39882e-5;
        5.67605e-5;
        8.90269e-5;
        2.72659e-5;
        -6.38299e-5;
        -3.62145e-5;
        -3.49186e-5;
        -7.1811e-5;
        -8.98332e-5;
        -3.10874e-5;
        -6.59179e-5;
        -4.36235e-5;
        1.21481e-6;
        -2.48148e-5;
        -3.69303e-6;
        -9.97263e-6;
        2.762e-5;
        -7.21136e-6;
        3.04775e-6;
        6.1665e-5;
        -8.18706e-6;
        2.2994e-5;
        5.36919e-5;
        2.25576e-5;
        .000169764];

